0;0.826695583537
1;1.47718407231
2;0.834895918449
3;0.949652296764
4;1.5222618259
5;1.74190232996
6;0.482046791279
7;0.588290048593
8;0.563855487134
9;0.342437828993
10;0.365716895323
11;0.777053914854
12;0.186778135404
13;0.350094781463
14;1.32641878446
15;0.516607515087
16;0.622517156231
17;0.234274856671
18;1.13145959551
19;0.337721775728
20;0.0640067329313
21;4.19354371526
22;1.13758401475
23;0.650107857978
24;0.179509183817
25;0.425328078189
26;0.60881114999
27;0.234260768071
28;3.24415274375
29;1.38014814147
30;0.644605864628
31;0.207635603325
32;1.63752951726
33;2.18034531732
34;0.488416742742
35;0.69661560782
