0;6.87006580459
1;8.9353917276
2;5.87655100812
3;6.66471720257
4;1.8752579346
5;5.0223441769
6;1.1059164321
7;1.90496016671
8;9.16137467687
9;3.77067975462
10;12.0724013773
11;12.4947838559
12;7.10071212524
13;7.17346928815
14;2.06766558447
15;10.6746811276
16;8.02550718318
17;7.73349372877
18;2.47610367475
19;21.1985246065
20;3.46578565208
21;5.13957301702
22;5.20723443841
23;1.72625036212
24;2.67496791053
25;1.25986746027
26;6.63520036601
27;7.9624840032
28;7.30845300518
29;2.53778187083
30;5.85194904206
31;4.16526273168
32;13.8329551154
33;11.0569379268
34;10.6084823995
35;7.96861100283
