0;0.434589596739
1;0.887331505692
2;0.62533611063
3;0.167254651572
4;4.77893133539
5;0.336091631615
6;0.346404018187
7;0.245476947282
8;0.51223128089
9;2.61391753925
10;0.543282087873
11;2.27655010692
12;0.440843939166
13;0.768061501693
14;1.32924818822
15;0.456344858096
16;0.487100320724
17;0.389705129444
18;0.509281975508
19;1.14241446761
20;0.780268253578
21;0.612766181462
22;2.17316669805
23;1.16719444399
24;0.255098565029
25;0.383580140683
26;0.659261627818
27;0.784293916971
28;0.842403695934
29;2.47641230251
30;1.88740866151
31;0.805651885081
32;1.09489905356
33;2.30131336514
34;0.730644205171
35;0.766532197733
