0;2.96907605043
1;0.157599322984
2;0.354620875326
3;0.47599725222
4;1.05984887345
5;0.522101793383
6;0.269066287457
7;0.186023456016
8;0.141643251849
9;1.17328876039
10;0.39191376024
11;0.626425108788
12;0.776107655685
13;0.683995559701
14;0.406978827609
15;0.968647632148
16;1.70889815676
17;9.06096320414
18;2.49941364871
19;0.425806657667
20;0.594638152956
21;5.58926383402
22;0.286242996787
23;1.44082662902
24;1.01436665506
25;0.528603470039
26;0.45287997575
27;0.775939572836
28;1.70647579211
29;0.700344235866
30;1.51640482815
31;2.30041452912
32;3.05038205392
33;1.46737189151
34;0.40593669585
35;0.188025403309
