0;5.46758450511
1;3.37414360474
2;31.425457145
3;4.87382022653
4;7.79347840508
5;8.39232890539
6;7.88052445363
7;4.21168220561
8;0.89382271736
9;2.45062110375
10;1.12830201092
11;0.766082082458
12;1.35469419468
13;2.59348963522
14;2.8212082291
15;3.52606790947
16;18.521179062
17;4.75623123123
18;1.00561687389
19;0.38586581925
20;1.03441830026
21;1.18823588405
22;1.27134792025
23;1.87333066608
24;1.57724067207
25;6.01891908606
26;8.39647333626
27;5.32900392289
28;2.42617282168
29;3.82770540767
30;2.24834742779
31;0.741598710683
32;7.01198045754
33;16.0182892521
34;1.62469412017
35;6.61758424903
