0;0.721236681016
1;3.91930261181
2;5.00013433664
3;2.18668822742
4;7.91483112021
5;3.81228949242
6;5.78250913703
7;1.75446775059
8;2.08655321194
9;6.41630878188
10;1.34119085261
11;3.54778427898
12;1.1220133143
13;1.7066407316
14;0.361455943069
15;0.55713339623
16;1.42167121473
17;3.53375171674
18;1.37576912633
19;1.12946353939
20;2.72101638504
21;1.02526383931
22;2.62798895492
23;1.02708848696
24;0.319593320353
25;0.549085221136
26;1.51475974508
27;0.552690334043
28;0.715018904077
29;1.4022404189
30;3.27201499158
31;1.20463565298
32;0.923438923674
33;8.4158742088
34;2.29360700116
35;1.29156913518
