0;0.114192296787
1;0.285357753856
2;0.491870685212
3;1.53164879448
4;0.506076748517
5;0.768145170383
6;0.144169090131
7;0.309284731122
8;0.653930178344
9;2.11648261442
10;2.71199488158
11;0.965112804199
12;0.204816902694
13;1.26317389764
14;7.30334559731
15;4.95600531821
16;0.296381198206
17;0.939557487493
18;0.66007993994
19;0.851040047829
20;2.84818783368
21;1.11138662101
22;1.37596389878
23;0.647720721011
24;1.52264328248
25;1.18597179812
26;0.880276476764
27;0.929482495834
28;1.47245628728
29;0.308604228814
30;3.10230698124
31;1.66188153783
32;6.3621692743
33;6.11604187582
34;0.879038965729
35;1.91848117476
