0;0.857977153929
1;1.05866537256
2;0.108451662131
3;3.8137740878
4;0.565483388915
5;0.363963396641
6;1.17295953876
7;4.37977568823
8;0.839766694792
9;1.13323583556
10;0.72224178815
11;0.439070097127
12;0.346839222984
13;1.95427150864
14;0.976329497396
15;0.592389570494
16;1.22179880448
17;0.227172525868
18;1.17189364818
19;0.814270551113
20;1.8578180181
21;0.0410753623813
22;0.218909129345
23;0.249080249003
24;0.533838568272
25;1.74723698946
26;0.433006648825
27;1.25690854477
28;1.41132285242
29;2.6324745406
30;3.64904360286
31;7.68126181845
32;4.85366207419
33;1.57645042118
34;2.24168166006
35;5.2826092442
