0;1.30518969011
1;2.63247168935
2;0.748108838226
3;1.16869435447
4;0.180196355044
5;0.669805269824
6;2.96693103051
7;1.66270868765
8;1.94050361681
9;3.50863723214
10;4.63332083165
11;3.90224470933
12;0.658283868335
13;3.24714444756
14;0.579247625305
15;0.565430239381
16;0.627847874291
17;0.935771982043
18;0.697624022821
19;4.164028158
20;12.3325306856
21;2.42324479917
22;0.644503129303
23;1.25697632547
24;1.08524110626
25;5.0120430853
26;2.89706879051
27;1.48935839421
28;3.72368367415
29;0.890895847759
30;0.576483079406
31;1.13283100284
32;4.69708754214
33;2.44948118991
34;1.74811741171
35;2.2502816673
