0;12.2930216889
1;3.29822372768
2;3.85108150347
3;1.93561318319
4;3.30052601053
5;0.906984445122
6;3.14938265661
7;1.80728655378
8;2.00614020359
9;5.9312784855
10;2.75870622688
11;1.01755779995
12;4.34984165832
13;1.89967795997
14;2.58748825415
15;6.35431688697
16;4.2791343223
17;14.2591194758
18;7.76957960998
19;6.20723857236
20;1.36087305612
21;34.9520859756
22;2.96434902344
23;5.4767100017
24;8.05754036422
25;1.46048981317
26;5.29199117998
27;9.91467933269
28;6.56025046312
29;2.62455380258
30;5.04005494256
31;7.57908602552
32;9.97838522447
33;10.2382842153
34;3.3378678791
35;18.9952109362
36;3.51887300071
37;13.4517801499
