0;0.240071685805
1;0.290694248108
2;0.199505128456
3;0.16349790436
4;0.142820790829
5;0.2518847945
6;0.2065506527
7;1.35619055399
8;0.834317171053
9;0.0653602554049
10;0.480364988938
11;0.410717630361
12;0.817001897035
13;0.678552211447
14;0.864039728477
15;1.66805714828
16;1.18921934442
17;0.348081876901
18;0.324263952964
19;0.220907758448
20;0.446281822763
21;0.371949892498
22;0.456624192345
23;0.680615572018
24;1.09157768386
25;1.10131458189
26;0.460432369891
27;3.91945508461
28;2.48739889271
29;27.2527860197
30;3.11529412708
31;0.63328181011
32;0.729890665676
33;2.33774021056
34;25.6819944747
35;5.46114683274
