0;0.843561492316
1;4.93588067038
2;1.44050653478
3;0.876368119907
4;3.93399526054
5;0.218059894174
6;2.84155244733
7;1.1175345155
8;1.41680455224
9;1.27686862221
10;3.29511559188
11;0.604023195436
12;1.93039139544
13;0.603818198345
14;1.75894739816
15;6.4599016324
16;0.922679971174
17;0.424072546277
18;0.778378526477
19;0.274164149264
20;1.70581847797
21;4.11121185455
22;0.423543297159
23;4.67412078687
24;0.752846043782
25;0.483115046123
26;2.15690803411
27;1.80385132364
28;14.7443982474
29;0.567124708827
30;0.350737049002
31;1.7446463799
32;10.4967856646
33;5.05728347593
34;1.48354770757
35;1.97182925317
