0;9.05179821381
1;0.464493393667
2;0.261643369426
3;1.07416190207
4;1.64846200088
5;3.68614690095
6;3.97908284352
7;5.12414474426
8;3.47999905335
9;4.62373183614
10;2.30975791349
11;4.24937690663
12;1.14003951585
13;4.01570379506
14;2.84557119421
15;1.2271003848
16;1.37089508958
17;0.968733742635
18;2.16592363645
19;4.86402072266
20;10.3811413782
21;10.8746069542
22;2.9465646107
23;5.76306515459
24;2.44913860552
25;0.96048096699
26;3.63347918229
27;0.801500731898
28;2.14935526733
29;3.59363601931
30;0.571742808593
31;18.1071100949
32;4.56539571449
33;1.45965783857
34;7.00475820117
35;18.3936923265
