0;1.63270979677
1;3.41855653895
2;3.25532144142
3;7.98197444087
4;6.98149413106
5;20.482329866
6;6.50949673489
7;4.68976956396
8;4.62609064947
9;2.89428228797
10;4.23456609737
11;2.53816658495
12;10.1952956877
13;6.80426987229
14;1.16576744416
15;10.3400508226
16;9.23214985095
17;8.55771052505
18;0.754526950294
19;0.560352241377
20;2.12990423268
21;2.95264161139
22;3.78611849961
23;6.5490780361
24;0.702089401938
25;2.08279687714
26;4.97051441276
27;2.72414393197
28;4.76443310466
29;5.06110693943
30;5.54538705224
31;0.806802733564
32;6.16472398117
33;0.416115061156
34;1.62665147558
35;2.80370129558
