0;1.5078199395
1;0.538380054519
2;0.960561398935
3;1.85767116063
4;0.503324848811
5;0.0728819802638
6;2.67801608615
7;0.136525254102
8;0.288465767328
9;0.541422183335
10;0.108964360534
11;0.243343292367
12;0.177228811845
13;0.679817234167
14;0.677191662151
15;0.913768934762
16;0.517710536365
17;0.278711172628
18;1.08305479725
19;0.505195015544
20;1.40411230957
21;0.34747585106
22;0.849244420399
23;0.344722517396
24;0.264957662074
25;0.213616854357
26;0.178483159382
27;0.161108090565
28;0.501224894976
29;1.10737877259
30;0.889972666474
31;0.900953081857
32;1.50838991211
33;0.612183324554
34;1.39891579148
35;2.80584085468
