0;0.3884676399
1;0.800937210221
2;5.40617339411
3;0.717377149566
4;1.27691639207
5;1.27589548541
6;0.553052535375
7;2.36707005598
8;1.34201427266
9;0.275061675149
10;1.09027942918
11;0.225114040387
12;0.68258107578
13;0.650908583834
14;5.98959588378
15;1.42537681671
16;0.566126840944
17;0.852643327656
18;0.289208014969
19;1.00416145489
20;0.287941991713
21;1.14173899948
22;1.82242801185
23;2.27512554475
24;1.06025075991
25;0.903859458719
26;0.24343235259
27;1.65890223262
28;0.26913125338
29;2.31464719605
30;1.46066020123
31;2.47331111091
32;0.602412575382
33;3.68359878843
34;0.797460672222
35;0.293185122128
