0;0.879998832487
1;0.278958560039
2;0.204529148719
3;0.876121247173
4;10.9447667226
5;2.37310705927
6;4.18598884814
7;3.00537288874
8;0.162596510764
9;0.543150803176
10;0.300073127095
11;0.86624198334
12;1.44767776093
13;2.49999943984
14;0.943158642178
15;1.73357779321
16;4.38167800086
17;6.61086255069
18;0.850076729079
19;0.612783398332
20;1.36557147931
21;10.5573648582
22;1.81350370572
23;0.717737922528
24;2.94117401022
25;6.56975518519
26;10.4170626677
27;0.175512338877
28;2.88562569659
29;14.8852376106
30;1.50942790406
31;2.98508113681
32;2.82880026594
33;1.70426224291
34;0.736662125029
35;2.210616953
