0;1.53675200053
1;1.12381548689
2;1.85496722562
3;2.11820587841
4;2.08686592611
5;1.25359650358
6;0.596098057096
7;1.06006589164
8;2.97588946972
9;5.59575637024
10;3.55504050407
11;0.580691552293
12;2.60534667124
13;3.12089394547
14;2.5796034941
15;1.35098953181
16;1.13748591797
17;2.08049077945
18;1.07081160208
19;0.0618173529914
20;2.21859923431
21;1.51106207397
22;2.46113794882
23;3.81124506078
24;4.30164012348
25;0.363289274298
26;0.443064411591
27;1.69677722387
28;4.06013455703
29;3.00215100526
30;22.3867717405
31;1.85625663358
32;5.75416692141
33;3.1755483962
34;8.96917458063
35;5.0487188225
