0;11.1771996135
1;1.72322547701
2;6.16836762955
3;5.20641455788
4;0.85620540659
5;2.79129804738
6;1.32078443311
7;1.92072624099
8;0.791725974514
9;5.91204646312
10;0.969093739917
11;4.40003458709
12;2.8828275149
13;1.83647081436
14;2.20039835268
15;2.45724249909
16;1.7950006644
17;0.608592304899
18;3.01253585741
19;2.90256136587
20;2.98264727416
21;0.804609734011
22;1.23636226555
23;2.94377355951
24;0.398494273787
25;2.17677345579
26;2.04877620555
27;0.226681073067
28;4.71078052062
29;2.04677347165
30;0.61980243055
31;1.23112810564
32;0.457237189376
33;0.429548567325
34;2.84737835332
35;1.14865287429
